cam0:
  T_cam_imu:
  - [-0.7122680832683916, -0.7018606887842356, 0.008108704982396242, 0.01621424225970273]
  - [-0.016088577098402, 0.004775615770432673, -0.999859165673328, 0.048704246584739326]
  - [0.7017231186473208, -0.7122982289977513, -0.014693458495075029, -0.09813037256513713]
  - [0.0, 0.0, 0.0, 1.0]
  cam_overlaps: [1, 3]
  camera_model: omni
  distortion_coeffs: [-0.19876664141554487, 0.6034231075526713, 0.0006351723139386629, -0.0012078628368099725]
  distortion_model: radtan
  intrinsics: [2.1580533950616165, 1160.5693065153528, 1160.7708716316947, 638.9843402940849, 361.4216008216806]
  resolution: [1280, 720]
  rostopic: /oak_ffc_4p/image_CAM_A/compressed
cam1:
  T_cam_imu:
  - [-0.6984117243487553, 0.715642040849005, 0.00880526329349457, 0.00502516302716584]
  - [-0.013247270411108736, -0.0006253965338787887, -0.9999120554857956, 0.06491474350285506]
  - [-0.7155735972762352, -0.6984669485728332, 0.009917087904312491, -0.08566272768633669]
  - [0.0, 0.0, 0.0, 1.0]
  T_cn_cnm1:
  - [-0.028013562439041684, 0.008446485327778782, -0.9995718569493056, -0.11995336075525301]
  - [-0.005570613090672361, 0.9999474530406809, 0.008605778712648799, -0.009494215725876056]
  - [0.9995920210712316, 0.00580930659069284, -0.027965038309778756, -0.09362337222539804]
  - [0.0, 0.0, 0.0, 1.0]
  cam_overlaps: [0, 2]
  camera_model: omni
  distortion_coeffs: [-0.18341148532832563, 0.5520035445675787, -0.0014621675564188725, 0.0021658397428934747]
  distortion_model: radtan
  intrinsics: [2.155595066586514, 1160.2837699174324, 1160.1641517196108, 665.4226358423949, 352.2196004174544]
  resolution: [1280, 720]
  rostopic: /oak_ffc_4p/image_CAM_B/compressed
cam2:
  T_cam_imu:
  - [0.711410328739963, 0.7027739706198577, 0.0020224691090171, 0.000689536533938529]
  - [0.0035713781564239433, -0.0007374485524309637, -0.9999933506917413, 0.05252557194647807]
  - [-0.7027678061921743, 0.711412821355387, -0.0030345001246888104, -0.0996760630005213]
  - [0.0, 0.0, 0.0, 1.0]
  T_cn_cnm1:
  - [0.04194832260208836, 0.012273730120059332, -0.9990443902949555, -0.05905350754101354]
  - [-0.0006292998472335453, 0.9999246683829706, 0.012258121426918383, 0.015869388014492062]
  - [0.9991195835397191, 0.00011449085008020162, 0.041952886423604396, -0.08020275653843094]
  - [0.0, 0.0, 0.0, 1.0]
  cam_overlaps: [1, 3]
  camera_model: omni
  distortion_coeffs: [-0.24282384729847975, 0.26553698197396397, 0.00012919822644290766, -0.0006950153990962951]
  distortion_model: radtan
  intrinsics: [1.9321775408961055, 1069.8059684018367, 1069.8761004344287, 643.2537328734721, 360.73980904888657]
  resolution: [1280, 720]
  rostopic: /oak_ffc_4p/image_CAM_C/compressed
cam3:
  T_cam_imu:
  - [0.7089268104852323, -0.7052619812247423, 0.005321204204649099, 0.00489069045342318]
  - [0.0022153113356428444, -0.005318055418818246, -0.9999834052034311, 0.05187060731105763]
  - [0.705278576004491, 0.7089268341130235, -0.002207737204441451, -0.09480825993083679]
  - [0.0, 0.0, 0.0, 1.0]
  T_cn_cnm1:
  - [-0.0306745316448222, -0.005678580993643924, -0.9995132949722383, -0.10892206067097486]
  - [0.003944829515849396, 0.999975385682663, -0.005802271011540426, -0.011398684756208675]
  - [0.9995216413007038, -0.004120891493245718, -0.030651375578254425, -0.1444345623817634]
  - [0.0, 0.0, 0.0, 1.0]
  cam_overlaps: [0, 2]
  camera_model: omni
  distortion_coeffs: [-0.1899079987184367, 0.7034911625237678, -2.3812627589763688e-05, -0.0005725664598978105]
  distortion_model: radtan
  intrinsics: [2.209391837690638, 1182.6340510334971, 1182.7509495141203, 649.370495784254, 322.4606878063537]
  resolution: [1280, 720]
  rostopic: /oak_ffc_4p/image_CAM_D/compressed
