cam0:
#T_cam_imu is not used for undistort calibration
  # T_cam_imu:
  # - [-0.70710678,  0.70710678 , 0 , -0.061782]
  # - [-0.70710678, -0.70710678 , 0 , -0.061782]
  # - [ 0         ,  0          , 1 ,  0.044600]
  # - [ 0         ,  0          , 0 ,  1       ]
  T_cam_imu: #from cam to imu ,
  - [ -0.70710678 ,  0.       ,  -0.70710678,  0]
  - [ 0.70710678 , 0.         , -0.70710678, 0]
  - [0.          , -1.        ,  0.        , 0]
  - [ 0         ,  0          , 0 ,  1       ]
  cam_overlaps: [1]
  camera_model: omni
  distortion_coeffs: [-0.21099412518756805, 0.5230497424957086, 0.0008044125461811289, -0.00012171450166602892]
  distortion_model: radtan
  intrinsics: [2.1136225766109193, 1142.836355195667, 1143.5092973353946, 637.4012002895579, 360.99833163385836]
  resolution: [1280, 720]
  rostopic: /oak_ffc_4p/image_CAM_A/compressed
cam1:
  T_cam_imu: # T_CAM_IMU  IMU under CAM frame but here is the reverse
  - [0.70710678,  0.          ,-0.70710678,  0]
  - [0.70710678 , 0.         ,0.70710678,  0]
  - [0.     ,    -1.       ,   0.   , 0]
  - [ 0         ,  0          , 0 ,  1       ]
  T_cn_cnm1:
  - [0.0024147699546404056, 0.012789506870918257, -0.9999152951125709, -0.10555610455849812]
  - [-0.00024409241979003998, 0.9999181881855584, 0.012788954398056494, 0.0006217179644181494]
  - [0.9999970546481383, 0.00021318936113740722, 0.0024176942196090234, -0.08476401525220194]
  - [0.0, 0.0, 0.0, 1.0]
  cam_overlaps: [0]
  camera_model: omni
  distortion_coeffs: [-0.20449843368201873, 0.42198024156454733, -0.0007459877427786252, 0.0020807811775334314]
  distortion_model: radtan
  intrinsics: [2.0784889245217304, 1129.424294391962, 1129.5660308847712, 664.8047055659707, 351.14774332249385]
  resolution: [1280, 720]
  rostopic: /oak_ffc_4p/image_CAM_B/compressed
cam2:
  T_cam_imu:
  - [  0.70710678,  0,  0.70710678 ,  0]
  - [ -0.70710678,  0,  0.70710678 ,  0]
  - [ -0.00152935, -1,  -0         ,  0]
  - [ 0         ,  0          , 0 ,   1]
  # T_cam_imu:
  # - [-0.7205065045437071, -0.02584534691930684, 0.6929663736090157, 0.06257371143720521]
  # - [0.6934340322086384, -0.02047017313341359, 0.7202292794567279, 0.03671563194427837]
  # - [-0.004429433945591421, 0.9994563472480972, 0.03267093601984616, 0.07961301821473304]
  # - [0, 0, 0, 1]
  T_cn_cnm1:
  - [-0.015653026592133634, -0.004043895838317765, -0.9998693062920593, -0.0590936001707746]
  - [-0.004673137596201709, 0.9999811955404677, -0.003971190057533632, -2.703059205098209e-05]
  - [0.9998665633690939, 0.004610365702948533, -0.015671629927105468, -0.05825619400749433]
  - [0.0, 0.0, 0.0, 1.0]
  cam_overlaps: [1, 2]
  camera_model: omni
  distortion_coeffs: [-0.20815435308269437, 0.7603612399584894, 0.0006176146227625757, -0.0001966940244278818]
  distortion_model: radtan
  intrinsics: [2.1894752071364434, 1169.1155040686106, 1170.2783810726535, 642.8367812635072, 359.89987043045]
  resolution: [1280, 720]
  rostopic: /oak_ffc_4p/image_CAM_C/compressed
cam3:
  T_cam_imu:
  - [-0.70710678, -0.0        ,  0.70710678,   0]
  - [-0.70710678,  0.0        , -0.70710678, 0]
  - [ 0.0       , -0.99997367 ,-0.0        , 0]
  - [ 0         ,  0          , 0 ,  1       ]
  # T_cam_imu:
  # - [0.7076610279220332, -0.01311027391806041, 0.706430456788299, 0.07167922529609998]
  # - [0.7062031732666952, -0.01829384310043158, -0.7077728543626598, -0.05642442973625867]
  # - [0.02220242393031335, 0.999746695929729, -0.0036873227697658, 0.07680580147134242]
  # - [0, 0, 0, 1]
  T_cn_cnm1:
  - [-0.9999549700382054, 0.007427446917005081, -0.005906854338772819, -0.02652976250632348]
  - [0.007298460465728413, 0.9997407772716985, 0.021566426106407827, 0.002160622717393526]
  - [0.006065506632970321, 0.021522344028195937, -0.9997499679103822, -0.14460617203356788]
  - [0.0, 0.0, 0.0, 1.0]
  cam_overlaps: [0, 3]
  camera_model: omni
  distortion_coeffs: [-0.2025871864676655, 0.5728307569559477, 9.160058924740253e-05, -0.00019927320878739119]
  distortion_model: radtan
  intrinsics: [2.141212667850705, 1154.7921938872626, 1154.669576887941, 649.9950675421518, 322.36980152305256]
  resolution: [1280, 720]
  rostopic: /oak_ffc_4p/image_CAM_D/compressed