cam0:
  cam_overlaps: [1]
  camera_model: pinhole
  distortion_coeffs: [0.02287330244785044, -0.002622189648926795, -0.0155876851448536, 0.0023278676261474975]
  distortion_model: radtan
  intrinsics: [140.89891767811474, 141.9104592726253, 161.50821504592977, 111.83065645867187]
  resolution: [320, 240]
  rostopic: /cam_0_1/compressed
cam1:
  T_cn_cnm1:
  - [0.9999791189899342, 0.005627812204589812, -0.003176368036335988, -0.13836273749230527]
  - [-0.005690707233211444, 0.9997807321404184, -0.020152009625647, -0.05296264951528546]
  - [0.0030622598351971943, 0.020169664611890906, 0.9997918819405082, -0.08806146815426913]
  - [0.0, 0.0, 0.0, 1.0]
  cam_overlaps: [0]
  camera_model: pinhole
  distortion_coeffs: [-0.010495288364188301, 0.0015409577283058762, 0.004633115762265527, 0.0010043942470820794]
  distortion_model: radtan
  intrinsics: [130.6980370612928, 130.71039144067822, 160.79831323939868, 122.4368847220423]
  resolution: [320, 240]
  rostopic: /cam_1_0/compressed
