cam0:
  cam_overlaps: [1]
  camera_model: pinhole
  distortion_coeffs: [0.016862599358649026, -0.009112524293644222, -0.0009435772160746315, -0.0015528048184074964]
  distortion_model: radtan
  intrinsics: [136.0120874363399, 136.0250508722112, 160.10683899200782, 119.63690430813655]
  resolution: [320, 240]
  rostopic: /cam_2_1/compressed
cam1:
  T_cn_cnm1:
  - [0.9998142522502137, 0.010759416021337004, 0.015990496059444144, -0.13809869705453506]
  - [-0.010765091188975605, 0.9999420185784152, 0.0002688736105721165, 0.005867259665714343]
  - [-0.01598667598471746, -0.0004409628161408469, 0.9998721076931567, -0.003709346320502422]
  - [0.0, 0.0, 0.0, 1.0]
  cam_overlaps: [0]
  camera_model: pinhole
  distortion_coeffs: [0.00553294492617825, -0.0009958833494719524, -0.0017438691540887176, -0.002316953242109839]
  distortion_model: radtan
  intrinsics: [134.9185499257186, 135.08760554293008, 159.0135701587429, 118.56785787600319]
  resolution: [320, 240]
  rostopic: /cam_3_0/compressed
