cam0:
  cam_overlaps: [1]
  camera_model: pinhole
  distortion_coeffs: [-0.002650154742593392, -0.0007868051201349871, 0.0013183582860529304, -0.0007851633651464576]
  distortion_model: radtan
  intrinsics: [266.2486617981679, 266.1468920023149, 318.89275809806196, 240.85739024606687]
  resolution: [640, 480]
  rostopic: /cam_1_1/compressed
cam1:
  T_cn_cnm1:
  - [0.9999879049877817, -0.0006948426496215266, -0.004868990844086162, -0.1444344695554049]
  - [0.000621946135202319, 0.9998879423047304, -0.014957139319305668, 0.00511330342121775]
  - [0.00487883809450927, 0.014953930162485035, 0.9998762808025518, 0.0014159341754785015]
  - [0.0, 0.0, 0.0, 1.0]
  cam_overlaps: [0]
  camera_model: pinhole
  distortion_coeffs: [-0.0014333646246816967, -0.0018862255853268443, -0.0010615900523586843, 0.002041227961157988]
  distortion_model: radtan
  intrinsics: [266.7361576933494, 266.6714261935565, 321.41047357719805, 238.75204023273733]
  resolution: [640, 480]
  rostopic: /cam_2_0/compressed
