cam0:
  cam_overlaps: [1]
  camera_model: pinhole
  distortion_coeffs: [0.0029580796851662104, -0.0008470884728137314, 0.0002751068525601085, -6.469326416685995e-05]
  distortion_model: radtan
  intrinsics: [134.99549263467415, 135.05896380642022, 160.2123957111147, 120.35277187584516]
  resolution: [320, 240]
  rostopic: /cam_3_1/compressed
cam1:
  T_cn_cnm1:
  - [0.9998990396749675, 0.012085412344421887, -0.007473504234530066, -0.14076110578497442]
  - [-0.012180424427193512, 0.9998438721257155, -0.012801118444489055, 0.004870947462601983]
  - [0.007317630617329035, 0.01289085649294512, 0.9998901330151364, -0.005383688822731423]
  - [0.0, 0.0, 0.0, 1.0]
  cam_overlaps: [0]
  camera_model: pinhole
  distortion_coeffs: [0.0016294209730303366, -0.0003098846898940819, -0.00015464463369706336, -0.00013790880439436748]
  distortion_model: radtan
  intrinsics: [134.48036583657534, 134.5089949764573, 159.67510892742655, 119.72342100738321]
  resolution: [320, 240]
  rostopic: /cam_0_0/compressed
