cam0:
  cam_overlaps: [1]
  camera_model: pinhole
  distortion_coeffs: [0.01140027364199619, 0.0014586249481424363, -0.009211371141520075, -0.0015591242382127428]
  distortion_model: radtan
  intrinsics: [139.23075843315232, 139.90155004523925, 158.384641837435, 114.18046427540213]
  resolution: [320, 240]
  rostopic: /cam_3_1/compressed
cam1:
  T_cn_cnm1:
  - [0.9998096857784708, 0.016849006152573003, -0.00983377929503504, -0.14784598372995736]
  - [-0.017106262042695164, 0.9994973683313108, -0.026690569452679804, -0.024352202273169084]
  - [0.009379126957214589, 0.026853709063223184, 0.9995953732821425, -0.03854557579753237]
  - [0.0, 0.0, 0.0, 1.0]
  cam_overlaps: [0]
  camera_model: pinhole
  distortion_coeffs: [0.0026552315819001414, -0.00019490101430856408, -0.0010843037818726435, -0.0017605583955106207]
  distortion_model: radtan
  intrinsics: [135.0735540817095, 135.1817959189148, 158.83353538631343, 119.01180385154018]
  resolution: [320, 240]
  rostopic: /cam_0_0/compressed
