cam0:
  cam_overlaps: [1]
  camera_model: pinhole
  distortion_coeffs: [-0.0034491451460456754, -0.0015153420078144672, 0.0013018214978992924, -0.0022552755043735288]
  distortion_model: radtan
  intrinsics: [265.83307082519286, 265.3524214689049, 317.72943658974884, 240.68758709289668]
  resolution: [640, 480]
  rostopic: /cam_2_1/compressed
cam1:
  T_cn_cnm1:
  - [0.9999619214139199, 0.00810773200303024, 0.003228065047382965, -0.14494731098694805]
  - [-0.008110726063409455, 0.9999666884355329, 0.0009155009556993311, 0.00030526189090498436]
  - [-0.0032205348790887043, -0.0009416480460315723, 0.9999943707111814, 0.009811740151793332]
  - [0.0, 0.0, 0.0, 1.0]
  cam_overlaps: [0]
  camera_model: pinhole
  distortion_coeffs: [-0.00022853658507055257, -0.0011366435102031784, -9.051402188183035e-05, 0.0008943337455138004]
  distortion_model: radtan
  intrinsics: [267.96806039494555, 268.06673763007706, 320.720932808427, 239.95814551221216]
  resolution: [640, 480]
  rostopic: /cam_3_0/compressed
