cam0:
  cam_overlaps: [1]
  camera_model: pinhole
  distortion_coeffs: [-0.0016699484846731745, 0.0002705294695234813, 0.0009316545215021101, -0.0009586145317629772]
  distortion_model: radtan
  intrinsics: [134.33129290282668, 134.14144319641414, 159.08091547245724, 120.19315031908526]
  resolution: [320, 240]
  rostopic: /cam_1_1/compressed
cam1:
  T_cn_cnm1:
  - [0.9999899586005333, 0.004476175935222822, 0.0002157477673450628, -0.14793034529323448]
  - [-0.004472057633938795, 0.999856745441716, -0.016324499845837434, 0.009268715785068054]
  - [-0.00028878819385843744, 0.016323371088563438, 0.9998667231974883, -0.031861928788649484]
  - [0.0, 0.0, 0.0, 1.0]
  cam_overlaps: [0]
  camera_model: pinhole
  distortion_coeffs: [-0.008134991260174924, 0.0021576820342829863, 0.0005397484539137217, 0.00026792042266786387]
  distortion_model: radtan
  intrinsics: [130.91420187477982, 131.47667857010435, 160.0741445336553, 118.9931628207567]
  resolution: [320, 240]
  rostopic: /cam_2_0/compressed
