cam0:
  cam_overlaps: [1]
  camera_model: pinhole
  distortion_coeffs: [0.0008780771721967885, -0.0005417375116799, 0.0005566916971365429, 0.0005590176222088003]
  distortion_model: radtan
  intrinsics: [134.60089161305967, 134.51731399869038, 160.37539454399385, 120.49289405481757]
  resolution: [320, 240]
  rostopic: /cam_1_1/compressed
cam1:
  T_cn_cnm1:
  - [0.9999799865731768, 0.0013470660502436678, 0.0061815747318481225, -0.13045906900456114]
  - [-0.0012265156173005818, 0.9998098041963461, -0.019464097520934982, -0.00010047698683901119]
  - [-0.006206618447243236, 0.019456126179695443, 0.9997914467735409, -0.01651472456473498]
  - [0.0, 0.0, 0.0, 1.0]
  cam_overlaps: [0]
  camera_model: pinhole
  distortion_coeffs: [-0.0007650346987936413, 1.829025119347488e-05, 0.001284476937108479, -0.0025873090951166]
  distortion_model: radtan
  intrinsics: [132.45427396671505, 132.4934021212053, 158.5410737338008, 120.84118014873776]
  resolution: [320, 240]
  rostopic: /cam_2_0/compressed
