cam0:
  cam_overlaps: [1]
  camera_model: pinhole
  distortion_coeffs: [-0.0003672851593696285, 0.0013557135062361328, 0.003861192237114482, -0.0009523437709705771]
  distortion_model: radtan
  intrinsics: [135.236942620011, 134.8678058629728, 159.7046165397591, 122.40729636743733]
  resolution: [320, 240]
  rostopic: /cam_2_1/compressed
cam1:
  T_cn_cnm1:
  - [0.9999233486488387, 0.007741958677504532, 0.009662241081846842, -0.14222676212292745]
  - [-0.007866077735591235, 0.9998861785036086, 0.012874581876798536, 0.011254453336783718]
  - [-0.009561466830228111, -0.012949598962151906, 0.9998704347258043, -0.0037090640459281755]
  - [0.0, 0.0, 0.0, 1.0]
  cam_overlaps: [0]
  camera_model: pinhole
  distortion_coeffs: [0.000413676767520297, -0.00031242576171933563, -0.0014362807334367975, 0.00038769683675287335]
  distortion_model: radtan
  intrinsics: [134.45901597413658, 134.5920711454715, 159.98967952226636, 119.00470774625963]
  resolution: [320, 240]
  rostopic: /cam_3_0/compressed
