cam0:
  cam_overlaps: [1]
  camera_model: pinhole
  distortion_coeffs: [-0.001970524250493958, -0.00040626087299210843, -4.5911173234870345e-05, 9.47100603156414e-05]
  distortion_model: radtan
  intrinsics: [266.69862040380497, 266.8065750269457, 319.94782245199906, 239.63399819587218]
  resolution: [640, 480]
  rostopic: /cam_3_1/compressed
cam1:
  T_cn_cnm1:
  - [0.9998701549630007, 0.012434373744198587, -0.010249856772656375, -0.14396736801227566]
  - [-0.012576204393435902, 0.9998244240409632, -0.013891010554169764, 0.0029421967065667697]
  - [0.010075331127308344, 0.014018111169166732, 0.9998509790273394, -0.0006420518036428116]
  - [0.0, 0.0, 0.0, 1.0]
  cam_overlaps: [0]
  camera_model: pinhole
  distortion_coeffs: [-0.0015651744643356469, -0.0008228654830243486, -0.00019204765195766782, 0.0007349596367659271]
  distortion_model: radtan
  intrinsics: [266.9718728383591, 266.96214613583385, 320.4105923286463, 239.16981242437348]
  resolution: [640, 480]
  rostopic: /cam_0_0/compressed
