cam0:
  cam_overlaps: [1]
  camera_model: pinhole
  distortion_coeffs: [-0.0013951464882774123, -0.0005931097186780322, 0.0012416354822735267, 0.00039445785965067114]
  distortion_model: radtan
  intrinsics: [267.94019625230635, 267.42253659448863, 320.4102657393736, 241.40014204474758]
  resolution: [640, 480]
  rostopic: /cam_0_1/compressed
cam1:
  T_cn_cnm1:
  - [0.9999625178099807, 0.004476795554854106, -0.007410889061596554, -0.14168138374589603]
  - [-0.004376098931447383, 0.9998986380081006, 0.013548559616680864, 0.001792830180050619]
  - [0.00747079201058616, -0.013515621003291303, 0.9998807505175951, 9.733914423035754e-05]
  - [0.0, 0.0, 0.0, 1.0]
  cam_overlaps: [0]
  camera_model: pinhole
  distortion_coeffs: [0.000167849902343396, -0.0010918394629037668, 0.0005488350052078129, 3.5317225291588084e-06]
  distortion_model: radtan
  intrinsics: [267.8309579346991, 267.78428213451133, 320.00965112710674, 240.50727392759032]
  resolution: [640, 480]
  rostopic: /cam_1_0/compressed
