cam0:
  cam_overlaps: [1]
  camera_model: pinhole
  distortion_coeffs: [0.001054556238408007, -0.000435513463969625, 0.0012842902888862014, 0.0006042159374273861]
  distortion_model: radtan
  intrinsics: [134.40963739137246, 134.15075833983212, 160.31544293933325, 120.88888741515397]
  resolution: [320, 240]
  rostopic: /cam_0_1/compressed
cam1:
  T_cn_cnm1:
  - [0.999976531661226, 0.004183213046866407, -0.005425574198929842, -0.14148762005909754]
  - [-0.0041022625701272715, 0.9998813701996769, 0.01484644635664563, 0.0026388017650437637]
  - [0.005487036412244711, -0.014823840805255237, 0.9998750652832531, -0.001021002614291837]
  - [0.0, 0.0, 0.0, 1.0]
  cam_overlaps: [0]
  camera_model: pinhole
  distortion_coeffs: [0.0017363347899703868, -0.0008591711567046196, 0.00013359184385349843, -0.00044403983273407616]
  distortion_model: radtan
  intrinsics: [134.25723575942638, 134.2272553617721, 159.79141373042464, 120.15585310865185]
  resolution: [320, 240]
  rostopic: /cam_1_0/compressed
