cam0:
  cam_overlaps: [1, 3]
  camera_model: omni
  distortion_coeffs: [-0.20342145547805665, 0.44246352315803444, 0.0014086219748151978, 0.004142889536127003]
  distortion_model: radtan
  intrinsics: [2.074434304933351, 1119.8836995186214, 1120.549370473925, 627.7387881150906, 384.89918692744476]
  resolution: [1, 1]
  rostopic: /oak_ffc_4p/image_CAM_A/compressed
cam1:
  T_cn_cnm1:
  - [-0.028013562439041684, 0.008446485327778782, -0.9995718569493056, -0.11995336075525301]
  - [-0.005570613090672361, 0.9999474530406809, 0.008605778712648799, -0.009494215725876056]
  - [0.9995920210712316, 0.00580930659069284, -0.027965038309778756, -0.09362337222539804]
  - [0.0, 0.0, 0.0, 1.0]
  cam_overlaps: [0, 2]
  camera_model: omni
  distortion_coeffs: [-0.24451270518056872, 0.910456628402535, -0.006396531425546866, -0.008098152770574303]
  distortion_model: radtan
  intrinsics: [2.25594140116522, 1220.718913089475, 1220.2267158533648, 653.8834405352604, 383.1206106138276]
  resolution: [1, 1]
  rostopic: /oak_ffc_4p/image_CAM_B/compressed
cam2:
  T_cn_cnm1:
  - [0.04194832260208836, 0.012273730120059332, -0.9990443902949555, -0.05905350754101354]
  - [-0.0006292998472335453, 0.9999246683829706, 0.012258121426918383, 0.015869388014492062]
  - [0.9991195835397191, 0.00011449085008020162, 0.041952886423604396, -0.08020275653843094]
  - [0.0, 0.0, 0.0, 1.0]
  cam_overlaps: [1, 3]
  camera_model: omni
  distortion_coeffs: [-0.2097721268812806, 1.045003434546826, 0.0022442922309891212, 0.011215999672280402]
  distortion_model: radtan
  intrinsics: [2.2780997420183415, 1214.1019971058636, 1214.6818911914781, 631.5415902323715, 362.3705496159605]
  resolution: [1, 1]
  rostopic: /oak_ffc_4p/image_CAM_C/compressed
cam3:
  T_cn_cnm1:
  - [-0.0306745316448222, -0.005678580993643924, -0.9995132949722383, -0.10892206067097486]
  - [0.003944829515849396, 0.999975385682663, -0.005802271011540426, -0.011398684756208675]
  - [0.9995216413007038, -0.004120891493245718, -0.030651375578254425, -0.1444345623817634]
  - [0.0, 0.0, 0.0, 1.0]
  cam_overlaps: [0, 2]
  camera_model: omni
  distortion_coeffs: [-0.20000094793259196, 0.46892494424464304, -0.0019605269482135344, -0.006488592781142498]
  distortion_model: radtan
  intrinsics: [2.054768015451077, 1106.256930990598, 1104.9153736559451, 661.406309583636, 343.4534193904354]
  resolution: [1, 1]
  rostopic: /oak_ffc_4p/image_CAM_D/compressed
