cam0:
  T_cam_imu:
  - [-0.7082796266344917, -0.7059045108900925, 0.006228322368504513, 0.013056769591100605]
  - [-0.014816869994414228, 0.0060446735097196, -0.9998719529448414, 0.06457504125085287]
  - [0.7057764737210184, -0.7082812177568891, -0.014740614462920631, -0.11441775237760186]
  - [0.0, 0.0, 0.0, 1.0]
  cam_overlaps: [1, 3]
  camera_model: omni
  distortion_coeffs: [-0.21636972249274403, 0.5272234545538379, 0.0006456815681988912, -0.0006396017520095896]
  distortion_model: radtan
  intrinsics: [2.106905696441737, 1144.1674471070432, 1144.4678993559326, 671.6453043940579, 364.4583898376576]
  resolution: [1280, 720]
  rostopic: /oak_ffc_4p/image_CAM_A/compressed
cam1:
  T_cam_imu:
  - [-0.7088118307645074, 0.7053971689957668, 0.0007890126909516626, 0.008649903707007748]
  - [-0.0028060679341051498, -0.0017011206727233358, -0.9999946160711103, 0.03956157064902794]
  - [-0.7053920289817698, -0.7088102285952255, 0.0031851668351119272, -0.10166102734795435]
  - [0.0, 0.0, 0.0, 1.0]
  T_cn_cnm1:
  - [-0.028013562439041684, 0.008446485327778782, -0.9995718569493056, -0.11995336075525301]
  - [-0.005570613090672361, 0.9999474530406809, 0.008605778712648799, -0.009494215725876056]
  - [0.9995920210712316, 0.00580930659069284, -0.027965038309778756, -0.09362337222539804]
  - [0.0, 0.0, 0.0, 1.0]
  cam_overlaps: [0, 2]
  camera_model: omni
  distortion_coeffs: [-0.2047410583179407, 0.49389025385290664, 0.001330064495504201, 8.621230491675043e-05]
  distortion_model: radtan
  intrinsics: [2.105466636840827, 1141.2501376136959, 1141.476942821642, 647.862522329288, 357.15969033516814]
  resolution: [1280, 720]
  rostopic: /oak_ffc_4p/image_CAM_B/compressed
cam2:
  T_cam_imu:
  - [0.7079589255477755, 0.7062385355934652, -0.004614171652457755, -0.012931927762652895]
  - [-0.0006079113565503613, -0.005923938378891047, -0.9999822685417312, 0.030008907697414808]
  - [-0.7062533470228818, 0.7079491774109794, -0.0037645746235102084, -0.10966975365585692]
  - [0.0, 0.0, 0.0, 1.0]
  T_cn_cnm1:
  - [0.04194832260208836, 0.012273730120059332, -0.9990443902949555, -0.05905350754101354]
  - [-0.0006292998472335453, 0.9999246683829706, 0.012258121426918383, 0.015869388014492062]
  - [0.9991195835397191, 0.00011449085008020162, 0.041952886423604396, -0.08020275653843094]
  - [0.0, 0.0, 0.0, 1.0]
  cam_overlaps: [1, 3]
  camera_model: omni
  distortion_coeffs: [-0.2289975692145306, 0.24670000035026085, 0.0010646373034532695, 0.00029819596654557563]
  distortion_model: radtan
  intrinsics: [1.92527595115071, 1063.6640814915543, 1063.8536831567708, 652.9150739802565, 369.65466106825]
  resolution: [1280, 720]
  rostopic: /oak_ffc_4p/image_CAM_C/compressed
cam3:
  T_cam_imu:
  - [0.7022950321572526, -0.7118845862598008, -0.0014225515648327303, 0.01802864551430208]
  - [-0.007959298335186382, -0.005853889283731539, -0.9999511895839037, 0.030220790490269774]
  - [0.7118415114175723, 0.7022720753568128, -0.009777259165025698, -0.129969276346635]
  - [0.0, 0.0, 0.0, 1.0]
  T_cn_cnm1:
  - [-0.0306745316448222, -0.005678580993643924, -0.9995132949722383, -0.10892206067097486]
  - [0.003944829515849396, 0.999975385682663, -0.005802271011540426, -0.011398684756208675]
  - [0.9995216413007038, -0.004120891493245718, -0.030651375578254425, -0.1444345623817634]
  - [0.0, 0.0, 0.0, 1.0]
  cam_overlaps: [0, 2]
  camera_model: omni
  distortion_coeffs: [-0.20521563691885558, 0.47892538571121646, 0.0016793658009556392, -0.0002017818120596054]
  distortion_model: radtan
  intrinsics: [2.098046852787993, 1140.5055609948477, 1140.884820012406, 643.6709991190987, 340.5786919819721]
  resolution: [1280, 720]
  rostopic: /oak_ffc_4p/image_CAM_D/compressed
