cam0:
  cam_overlaps: [1]
  camera_model: pinhole
  distortion_coeffs: [0.00572389169758606, -0.003378943761788219, -0.0002324757691715474, -0.001097944065041332]
  distortion_model: radtan
  intrinsics: [134.68076633088037, 134.7138053103145, 159.1504268552153, 120.02553275525952]
  resolution: [320, 240]
  rostopic: /cam_2_1/compressed
cam1:
  T_cn_cnm1:
  - [0.9999502137831483, 0.004539223399212318, -0.008886248138045233, -0.15395640354623055]
  - [-0.004478912758060109, 0.9999668821581873, 0.006795139979608696, 0.002174597127363183]
  - [0.00891679850308144, -0.006755000945139345, 0.9999374283757406, -0.011530722566675833]
  - [0.0, 0.0, 0.0, 1.0]
  cam_overlaps: [0]
  camera_model: pinhole
  distortion_coeffs: [-0.004828688723455492, 0.0013658490530505632, -0.00044442068768222817, 0.0005976089574730928]
  distortion_model: radtan
  intrinsics: [132.8168784504893, 132.8566125557511, 160.90704700293432, 119.68478378206765]
  resolution: [320, 240]
  rostopic: /cam_3_0/compressed
