cam0:
  cam_overlaps: [1]
  camera_model: pinhole
  distortion_coeffs: [-4.2506072657916795e-05, 0.000219299328864085, -0.0001837721681950682, -0.0014759576432567183]
  distortion_model: radtan
  intrinsics: [133.83008480940333, 133.85512779280572, 158.80258830470584, 119.93624825306489]
  resolution: [320, 240]
  rostopic: /cam_1_1/compressed
cam1:
  T_cn_cnm1:
  - [0.9999568809908554, 0.007660775493442553, -0.005248683442691616, -0.14632994974836502]
  - [-0.007676110867701521, 0.9999663102458861, -0.002907867806014417, 0.008126448894441803]
  - [0.005226230093410518, 0.002948031897651465, 0.9999819976514295, 0.012019738404080195]
  - [0.0, 0.0, 0.0, 1.0]
  cam_overlaps: [0]
  camera_model: pinhole
  distortion_coeffs: [0.0026211128041491822, -0.003330951658216805, 0.0011782746492818809, -0.0022940525080597115]
  distortion_model: radtan
  intrinsics: [135.4987828026299, 135.75528858872994, 158.90552615954957, 119.87348405058962]
  resolution: [320, 240]
  rostopic: /cam_2_0/compressed
