cam0:
  cam_overlaps: [1]
  camera_model: pinhole
  distortion_coeffs: [0.0044769851955141615, -0.002744962424687925, 0.0015583404458692184, -0.0008078097181793442]
  distortion_model: radtan
  intrinsics: [134.53913049124736, 134.41765651862394, 159.76242163574597, 120.98597369224854]
  resolution: [320, 240]
  rostopic: /cam_3_1/compressed
cam1:
  T_cn_cnm1:
  - [0.9999664153298893, 0.008064393431085398, -0.001460743262925201, -0.1433927216941224]
  - [-0.008065177086520383, 0.9999673347416508, -0.0005313833290943152, 0.0031812104506384552]
  - [0.001456410263140599, 0.0005431466358539385, 0.999998791929709, -0.0066633981492127976]
  - [0.0, 0.0, 0.0, 1.0]
  cam_overlaps: [0]
  camera_model: pinhole
  distortion_coeffs: [-0.0018631722277953583, 0.00022575884076387297, 0.00011667112235986192, 7.907720934850372e-05]
  distortion_model: radtan
  intrinsics: [133.75749361892758, 133.66519737603574, 159.978658156252, 120.075656595473]
  resolution: [320, 240]
  rostopic: /cam_0_0/compressed
