cam0:
  cam_overlaps: [1]
  camera_model: pinhole
  distortion_coeffs: [-0.0060150054857871895, 0.0022783038151358783, -0.0003652826314890393, 0.002133104639780677]
  distortion_model: radtan
  intrinsics: [133.35373384569004, 133.33075555384926, 161.45183443651146, 119.57871186776075]
  resolution: [320, 240]
  rostopic: /cam_0_1/compressed
cam1:
  T_cn_cnm1:
  - [0.9998362473827532, 0.011853910867439256, 0.013673449335085085, -0.13084081675923795]
  - [-0.011776757106750376, 0.9999143517968633, -0.005709383741345866, -0.006967165998154541]
  - [-0.013739956754696785, 0.005547419923184604, 0.9998902138337856, 0.016272816962537406]
  - [0.0, 0.0, 0.0, 1.0]
  cam_overlaps: [0]
  camera_model: pinhole
  distortion_coeffs: [0.003052302355762823, -0.0015837563868519213, 0.003725863068730751, -0.001417442126753713]
  distortion_model: radtan
  intrinsics: [135.14423434791019, 135.12308626121015, 158.73635788540423, 122.24845659992238]
  resolution: [320, 240]
  rostopic: /cam_1_0/compressed
